    462     1341    2085    1091    2715    188     2307    1493    532     2399    1527    36      2797    1945    174     1877    
    914     2321    1969    1667    706     2546    2268    2246    1139    1878    2144    2307    2154    834     670     260     
    2343    1891    1585    567     221     1802    1619    378     2115    2405    51      223     2406    1813    2455    342     
    931     2902    1669    970     734     881     3019    2119    488     1121    1850    2365    2397    2977    2192    90      
    2650    724     1694    2737    1471    709     2788    2898    89      688     3171    694     2825    2821    1238    52      
    2857    2137    2361    1895    470     2540    1569    919     2151    1480    2697    3123    126     1951    3233    102     
    2252    776     2938    3157    711     1384    2750    1162    2320    1967    1185    1313    2552    128     1111    121     
    2806    2965    2719    2437    2642    726     2711    40      220     1464    3280    2731    1672    1982    1064    469     
    161     527     1259    568     3109    1037    3231    684     1082    738     1224    1803    987     2143    2962    2893    
    1528    2175    508     2242    2983    1116    827     1009    421     1820    6       915     2937    2570    1114    992     
    2789    650     3143    2016    2449    1447    3119    171     1998    1205    233     131     242     1715    184     1170    
    3271    2363    2006    2799    1703    1161    2494    2394    2691    1279    1032    3273    130     1863    2117    3098    
    1339    2965    132     1070    148     2189    441     2397    2705    1808    2356    2027    478     1050    2937    1651    
    3211    2525    831     3244    80      887     541     2896    889     103     3160    2355    13      2008    855     1524    
    1414    105     2347    166     2370    1622    2853    1334    1987    465     373     3322    2745    866     1636    569     
    1136    287     393     2318    1077    90      276     1766    2009    1593    3178    3152    2165    1513    493     803     
    ,